image: simu_map.pgm
resolution: 0.050000
origin: [-51.225002, -51.225002, 0.000000]
negate: 0
occupied_thresh: 0.65
free_thresh: 0.196

